3 0.305269 0.460387 0.050791 0.027862
3 0.351638 0.444000 0.016559 0.026929
3 0.376132 0.443655 0.015869 0.027620
3 0.401660 0.441238 0.015869 0.025548
3 0.423739 0.435714 0.015869 0.028310
3 0.447543 0.435369 0.013799 0.027620
3 0.469966 0.430881 0.015869 0.026929
3 0.492390 0.426393 0.013799 0.027620
3 0.514469 0.425012 0.013799 0.029001
3 0.535513 0.419833 0.015869 0.026929
3 0.557246 0.417416 0.013799 0.027620
3 0.577255 0.414654 0.013799 0.027620
3 0.597609 0.409821 0.014489 0.024858
3 0.617618 0.408094 0.011729 0.024167
3 0.636592 0.406023 0.013799 0.024167
3 0.655566 0.404642 0.013109 0.025548
3 0.675230 0.400499 0.013799 0.025548
3 0.692824 0.398082 0.011729 0.026239
3 0.709728 0.394630 0.013799 0.026239
3 0.729047 0.390832 0.015179 0.025548
3 0.747838 0.389411 0.013775 0.026653
5 0.547739 0.658341 0.042442 0.028473
3 0.830489 0.547948 0.021122 0.040438
3 0.873191 0.538298 0.023877 0.037681
