3 0.347506 0.283484 0.018264 0.030636
3 0.364591 0.282895 0.018264 0.030636
3 0.381088 0.283484 0.018264 0.030636
3 0.398763 0.281716 0.018264 0.030636
3 0.349273 0.321779 0.018264 0.030636
3 0.365770 0.321779 0.018264 0.030636
1 0.389336 0.323841 0.028869 0.034760
1 0.389336 0.365377 0.031225 0.041241
3 0.366359 0.365082 0.018264 0.030047
2 0.349862 0.211017 0.020621 0.032993
0 0.379026 0.210428 0.020031 0.044776
2 0.384328 0.526218 0.037706 0.022388
0 0.427926 0.525628 0.036528 0.018853
0 0.467989 0.526807 0.040063 0.022388
0 0.509819 0.527101 0.037706 0.020621
